1 51000 0.502006016040097 0.000279621886506946 0.331500202007383
2 52000 0.5040200802809 0.00170446730343284 0.0248143627378577
3 53000 0.506042225012048 3.82677840352453e-05 0.0450057616129238
4 54000 0.508072482652728 0.00110352234956831 0.131301951327255
5 55000 0.510110885752194 0.000593278278411217 0.19111128810549
6 56000 0.512157466990287 0.00263654900795544 0.176071538713868
7 57000 0.514212259177963 0.00274966023119314 0.138366312249967
8 58000 0.516275295257813 0.00336635311105912 0.20690765296106
9 59000 0.518346608304598 0.00536255743973409 0.157692194186957
10 60000 0.520426231525775 0.00389406362552609 0.257150209961125
11 61000 0.52251419826203 0.00837442612780081 0.216339004076831
12 62000 0.524610541987813 0.00372790958999995 0.366265792351966
13 63000 0.526715296311875 0.00618086616328454 0.282794689244307
14 64000 0.528828494977807 0.0139011091634826 0.354700523907607
15 65000 0.530950171864577 0.0135170780384073 0.388918654516176
16 66000 0.533080360987082 0.0160600332574002 0.385603911198839
17 67000 0.535219096496683 0.0043456915418894 0.385070363823872
18 68000 0.537366412681759 0.013854778302224 0.475705223293455
19 69000 0.539522343968257 0.00324205128674257 0.396612916498291
20 70000 0.541686924920238 0.016768289332191 0.554321914166049
21 71000 0.543860190240438 0.0138995222909647 0.434954905535977
22 72000 0.546042174770823 0.0213557138411327 0.533999989086884
23 73000 0.548232913493141 0.0176578696254227 0.507822215827562
24 74000 0.550432441529493 0.0246121913649933 0.573397917298475
25 75000 0.552640794142888 0.0233338900771547 0.507550690341262
26 76000 0.554858006737812 0.0494766444398183 0.632651260549372
27 77000 0.557084114860796 0.013875631349879 0.627667830308692
28 78000 0.559319154200983 0.0255352596229862 0.729123786231649
29 79000 0.561563160590704 0.0152480819770884 0.697650365870951
30 80000 0.563816170006048 0.0267931722384379 0.916978934078327
31 81000 0.566078218567443 0.010275415085258 0.820534461076963
32 82000 0.568349342540234 0.0374719020933865 0.971663543309633
33 83000 0.570629578335262 0.0255655512403179 1.05548682267502
34 84000 0.57291896250945 0.0364178278116558 1.16174872697211
35 85000 0.575217531766388 0.0633575158129771 1.06887420861498
36 86000 0.577525322956925 0.0307980290047753 1.31447516250912
37 87000 0.579842373079751 0.0411288632505969 1.15532344315186
38 88000 0.582168719282002 0.0356364948580406 1.39641067477224
39 89000 0.584504398859846 0.038574453388584 1.23700152901989
40 90000 0.586849449259086 0.0239790273814576 1.46324372463077
41 91000 0.589203908075756 0.0162918229370577 1.3096365868097
42 92000 0.591567813056731 0.0390912876538228 1.40525136759098
43 93000 0.593941202100324 0.0289478153546079 1.42809872156658
44 94000 0.596324113256899 0.13616168527955 1.59176926508625
45 95000 0.598716584729478 0.148274909094047 2.05041269804744
46 96000 0.601118654874356 0.191942618873099 2.40032026199114
47 97000 0.603530362201714 0.186442228844941 2.74303897380866
48 98000 0.605951745376237 0.179868695427965 2.63817919707843
49 99000 0.608382843217735 0.181218100055097 2.61027341635336
50 100000 0.610823694701763 0.167211890041721 2.6434843936081
51 101000 0.613274338960248 0.16035856654176 2.76800790555397
52 102000 0.615734815282116 0.139024672053588 2.6766511902355
53 103000 0.618205163113919 0.168616077931696 2.74848916960835
54 104000 0.620685422060472 0.257362507442372 2.75349776382366
55 105000 0.623175631885487 0.248309611880395 3.45353970755698
56 106000 0.625675832512205 0.254942106610111 3.61231614114801
57 107000 0.628186064024046 0.267590271537982 3.5874886439603
58 108000 0.63070636666524 0.278283371953287 3.78025916022832
59 109000 0.633236780841482 0.253319718167282 3.84473362913583
60 110000 0.635777347120576 0.219578517037575 3.7052102026064
61 111000 0.638328106233084 0.255447072883315 3.62544685055464
62 112000 0.640889099072979 0.34220815424682 3.52783145078108
63 113000 0.643460366698305 0.594480137604657 4.03192755926489
64 114000 0.646041950331831 0.703188127677811 4.8264621179931
65 115000 0.648633891361713 0.662445264376376 5.11105419383209
66 116000 0.651236231342156 0.624927024242131 5.1050768732057
67 117000 0.653849011994084 0.521694936037413 4.84994458107277
68 118000 0.656472275205806 0.477171871208333 4.78265034099802
69 119000 0.659106063033689 0.460821487451822 4.50458622632216
70 120000 0.66175041770283 0.401678420997991 4.57436446946831
71 121000 0.664405381607734 0.427458660824958 4.55032106249446
72 122000 0.667070997312997 0.324454621219871 4.69355215130412
73 123000 0.669747307553982 0.507759449632223 4.66783781170172
74 124000 0.672434355237511 0.769938964999113 5.32910625258876
75 125000 0.675132183442548 1.08296437466595 5.98646571546826
76 126000 0.67784083542089 1.49689366407882 7.10852302311164
77 127000 0.680560354597863 1.60982938866807 8.12112548973837
78 128000 0.683290784573017 1.8160246806395 8.51157038035595
79 129000 0.686032169120824 2.23704977812049 9.26781648140418
80 130000 0.68878455219138 2.58618255256053 9.8640139254079
81 131000 0.691547977911113 3.1237201294698 10.7727101646589
82 132000 0.694322490583485 3.41987310786892 11.903468706935
83 133000 0.697108134689705 3.52345534844209 13.0501736755253
84 134000 0.699904954889443 3.56436860286861 13.1103702141698
85 135000 0.702712996021546 3.4570720318918 13.2692971848693
86 136000 0.705532303104752 3.47515967324425 12.9696905489111
87 137000 0.708362921338421 3.78237351616032 12.6502192214885
88 138000 0.711204896103249 4.10372027835582 13.625767283982
89 139000 0.714058272962005 4.144555098802 14.467512162277
90 140000 0.716923097660256 4.41192856703104 14.8609981520265
91 141000 0.7197994161271 5.12366476812922 15.2778504981752
92 142000 0.722687274475905 5.75562410986586 16.4788348747239
93 143000 0.72558671900505 6.74624155120288 17.6474816746726
94 144000 0.728497796198659 7.51782698382272 19.4172781001566
95 145000 0.731420552727358 8.87765137010826 20.6814307071179
96 146000 0.734355035449012 10.1973949629163 22.9961670859469
97 147000 0.737301291409484 10.6365930475017 25.9803391377623
98 148000 0.740259367843386 11.0174040710421 27.4566580174266
99 149000 0.743229312174837 11.0639534480964 28.109113826699
100 150000 0.746211172018222 11.8879185094077 27.2990055941252
101 151000 0.749204995178957 13.6793367946201 28.4058897149937
102 152000 0.752210829654255 14.9635137805333 31.9752639363079
103 153000 0.755228723633897 16.6513147825266 34.5377454697248
104 154000 0.758258725500998 17.6882827917377 38.0451187444831
105 155000 0.761300883832794 18.4182896488136 39.908212708464
106 156000 0.76435524740141 19.6011607706321 41.0990002539595
107 157000 0.767421865174648 20.4836764307788 42.5285258812041
108 158000 0.77050078631677 21.6358963370206 43.3087422210272
109 159000 0.773592060189287 22.7911781566068 43.9265065600704
110 160000 0.776695736351748 25.8750175153158 42.2055430781883
111 161000 0.77981186456254 29.7982241954223 45.1762755786696
112 162000 0.78294049477968 34.8191318347672 49.3581163526235
113 163000 0.786081677161618 40.307347919403 54.7021028135608
114 164000 0.789235462068042 45.3395431893555 62.6446133025217
115 165000 0.792401900060684 50.4017975694817 69.7902885125592
116 166000 0.795581041904133 54.8036801000703 79.4403674698938
117 167000 0.798772938566646 59.4744606301311 85.7352270531884
118 168000 0.801977641220965 63.8298779720645 89.2574611928892
119 169000 0.80519520124514 67.7975386991165 98.1761417490424
120 170000 0.808425670223353 73.7632006824084 100.50136174227
121 171000 0.81166909994674 81.6720100922209 100.343778772709
122 172000 0.814925542414227 91.1770718152739 98.5755430694747
123 173000 0.818195049833361 102.834490903815 96.4913656880658
124 174000 0.821477674621147 115.043573274945 100.675262705241
125 175000 0.824773469404889 125.786478158404 116.754964000095
126 176000 0.828082487023034 135.561923894184 127.476328064213
127 177000 0.831404780526015 152.250252013644 110.191909488166
128 178000 0.834740403177111 168.615046406327 115.116903178771
129 179000 0.83808940845329 182.303628631449 138.731560966994
130 180000 0.841451850046074 193.519880818497 171.94593047992
131 181000 0.844827781862396 208.949978025575 171.196090496287
132 182000 0.848217258025466 228.412723606217 161.75252375396
133 183000 0.851620332875637 244.620064124211 178.873670901047
134 184000 0.855037060971279 263.690361743735 177.551558461177
135 185000 0.858467497089649 287.560510189391 150.759170889597
136 186000 0.861911696227775 314.217457660633 139.091591438619
137 187000 0.865369713603334 340.388906039412 142.296324192893
138 188000 0.868841604655538 369.591475435148 121.422457811605
139 189000 0.872327425046021 400.600410265199 121.209443840943
140 190000 0.875827230659738 430.01120390393 133.786922594796
141 191000 0.87934107760585 461.080863503601 120.099192204285
142 192000 0.882869022218636 494.078267168175 95.8905118537435
143 193000 0.886411121058385 528.217464456151 88.0613935018554
144 194000 0.889967430912311 564.002184537935 81.0172071673793
145 195000 0.893538008795458 601.029952218172 109.562633299654
146 196000 0.897122911951617 641.11209468053 62.0135637054959
147 197000 0.900722197854242 681.448112048183 59.7997073824807
148 198000 0.904335924207375 722.386517563316 73.2492158326705
149 199000 0.907964148946565 762.626515190338 113.320368049346
150 200000 0.911606930239803 805.750545300042 141.739165410692
